147453
191174
257304
215570
195032
189172
173989
272390
178184
263132
256519
266269
201381
276447
242171
231735
269147
171096
269968
50857
236320
231739
228339
269860
194371
219715
212729
225641
268235
266097
193283
275565
271452
265918
256092
267184
254948
208430
215342
179367
261810
201765
239630
211892
184761
135779
229490
182900
238633
139382
140000
183325
232013
254730
263081
271640
193483
243879
257568
263690
230045
248414
267365
199079
227397
259371
253936
197310
265905
183313
180723
266837
250557
170530
170958
269944
234143
246284
271949
215099
244505
190848
196467
255993
214989
263726
264668
255168
242775
225671
238663
246685
268687
131378
195874
217537
130104
142987
233713
184468
61087
130351
138880
142528
207623
252271
228537
252205
57212
203498
222465
275148
146214
218303
227832
230141
237762
248250
237409
196628
259613
248039
28817
251988
221967
171731
139361
238994
235571
200837
230643
258833
236632
172433
230452
257180
241276
252178
222008
194875
252417
231408
257101
255496
141609
240369
257640
236397
249110
255999
238841
202798
257036
239562
138417
242131
212119
261592
215708
251981
249654
248253
216918
223511
231169
215710
251273
210864
277147
204113
238310
222942
214532
208252
217918
138730
263794
230179
197678
213656
253253
146945
187194
182589
177166
189944
170399
241405
253853
197326
229426
257716
257816
172873
192634
218451
199065
173873
248226
185056
256002
269718
247636
140633
183144
228897
237405
263120
253878
269982
224073
183104
207874
142714
265844
176673
240153
222120
238957
215718
127658
208563
222422
190010
145721
249973
257034
231971
190617
226819
259416
257847
211671
187900
192763
194940
229666
136018
267948
225597
230657
137263
191004
250676
243595
194620
245865
256426
243766
170148
61361
255396
263143
58300
262694
189525
255567
251574
208136
144795
189687
246901
258910
222234
245497
257862
191356
134096
280615
267592
215769
243520
260725
221343
204159
253701
193360
221270
219716
262485
231603
193489
189341
253647
245072
229857
248045
252519
255759
210277
244528
239708
268203
231144
147203
246461
226791
197258
187942
220846
256661
193908
242216
246090
234865
29943
222221
138189
213436
255624
131422
261453
241017
247579
254081
213641
211250
213276
196560
243430
235084
207245
221809
204220
178506
45645
235769
239043
262167
141184
209330
190653
224115
223770
255466
208306
241701
262028
223474
262678
198371
252143
255807
241662
215156
136216
270076
261959
209062
235399
241697
221612
252406
186918
251560
221524
249882
175909
266846
273950
143664
145329
258261
223209
266067
207487
223207
183447
174677
235606
245063
261040
224178
240575
234179
170918
138673
211082
126922
265353
255064
225032
226995
192121
240878
218309
143756
248962
234402
230345
236295
183489
235875
238291
233871
186905
232724
220986
250684
193485
248764
220809
252072
266491
250819
275016
257761
243780
238242
267615
224664
130593
260482
187462
263310
215685
146630
222291
188021
177500
216738
250073
142320
220481
198965
266321
271733
264198
205727
229844
200956
248052
198088
185783
225925
229070
228683
256662
193825
196847
246281
256036
192343
257883
265894
223313
196666
270439
244927
225897
210211
258228
231605
212658
248037
263161
141339
250262
192324
261613
207813
248292
203657
208883
222264
276039
227657
239830
212674
258998
276280
247441
248853
178545
147087
129526
191613
222978
221898
266346
240842
197176
213527
222213
191917
146622
264644
207302
247656
258264
208743
224491
241757
110815
249877
189472
259650
230730
193512
226739
175478
234725
147434
266456
260836
228481
264969
262394
236238
248636
189613
241480
139966
147912
183574
145920
225214
245852
196832
252057
147618
200686
231013
250561
229493
237037
243982
251288
236788
240944
243573
228497
222445
243054
134108
178091
190356
190442
174541
201455
212499
203977
260218
228558
262339
186372
238371
180157
225571
225953
248315
208248
118740
236733
243329
272251
211500
266610
228998
265852
238648
119413
268232
262813
238649
223820
235197
270047
267936
197303
189699
226996
228972
220717
260674
210935
190159
187890
139127
274915
145069
262311
132318
256975
251321
248385
245042
278102
183161
194160
258921
203691
200313
192861
178854
183099
259340
224205
243583
257514
183070
263157
226673
147508
171907
190865
235675
230170
250020
274532
221488
247512
229905
197321
247401
241115
202807
192566
199070
141699
230782
225865
262099
44792
277249
140459
186344
174297
252256
142911
234193
241159
234497
219102
178973
196414
134076
241486
243516
223958
268345
270488
259389
258663
256114
232793
255007
221423
146603
276505
236218
273672
236968
207060
204773
179515
225672
146349
231600
198975
188551
276392
132406
263043
197814
130015
221654
193516
121807
240960
247520
219994
253530
178909
194938
257498
273663
187266
196531
229509
111406
181773
176961
173048
240694
232707
205806
252874
187436
262999
197885
257438
138019
182075
131841
235019
174939
196199
242054
245271
216298
198938
146734
182519
255792
220573
264147
262345
245046
120347
248271
254390
245149
195022
210626
134691
191193
213688
251567
258609
242419
198283
252895
253962
192866
265902
228784
204379
192857
209297
213859
196267
255741
241020
41696
265573
260585
222309
265948
267927
257707
193312
251121
185374
182423
244503
200631
267212
227242
238660
134000
229128
189379
252283
211079
259452
226990
229171
260165
189654
218186
271000
262396
193915
247523
194487
194885
248372
221296
181122
193877
250861
264206
270866
237885
237796
229589
257033
267888
189851
171853
260605
126361
45758
171097
259459
255511
237866
234970
136181
247514
27405
201517
185293
263240
231615
234766
209487
257217
129365
201760
258979
258775
223850
140586
238745
269428
231662
244761
221709
234386
255923
229867
129368
143759
273643
226284
209859
229925
224944
222021
231252
204925
222716
254187
257765
238993
241385
268056
222532
215648
207625
198969
233854
203596
188590
219309
264088
223228
262869
249675
248830
210772
249277
147454
243918
205295
136101
206920
212035
258766
248675
245626
193420
264954
263709
186986
266257
242734
270615
132095
188562
267299
264804
248219
221805
180613
146323
256771
232910
227322
224331
197403
228834
255793
254171
224312
267137
268804
143048
184451
193511
206180
143994
218385
224282
258227
216485
185082
135082
247833
268063
216189
224950
255698
201105
241343
54343
225398
182120
251180
261591
131386
230789
174416
203544
264723
273671
236498
240155
248638
228850
273846
141694
224790
136524
244492
265583
224566
192103
248487
206149
209525
231856
266711
237987
241680
231178
249223
189909
255768
262182
228709
221658
145471
258255
249544
204546
146326
256045
243327
223940
237861
204923
251872
267126
230634
235296
245142
234027
130336
22237
199299
194009
224546
243546
225948
251244
206418
267514
240082
236050
246378
223933
193999
221613
270943
231874
247291
197080
221620
224139
195128
252628
191695
200884
268230
232552
176518
28673
222503
270184
171577
270110
270440
186028
249317
241997
262734
193113
243234
220802
207923
134859
273270
111473
170004
240263
179071
209653
270187
252155
192051
245899
221180
199126
223252
132319
263125
234860
208438
120788
207178
252322
223899
241512
269034
242172
235849
222796
199057
270087
267949
251837
236732
135419
251757
264019
191623
98772
256476
258072
252203
203587
226396
212661
143368
180603
57732
180343
185932
250618
171157
193914
222507
236460
201930
226245
186185
217930
269799
247440
265658
206317
194161
127404
264132
146716
255274
249868
175053
273450
206412
249229
275159
188649
213535
253920
176279
141890
214542
228927
137312
256704
204378
222801
140620
195603
146550
129518
268490
177999
232911
220980
278054
184864
225958
272630
221254
185929
222271
125174
214588
245592
267296
222333
221172
261649
265627
206612
231733
172195
241033
252504
263998
216633
120385
146229
228263
238623
141505
246704
265262
209117
172392
269716
134061
262929
226447
130298
256852
253601
249918
248916
134501
242046
235123
203666
187191
205375
249113
218663
126678
256872
231597
193624
237181
217959
256874
254458
216588
255065
247254
207825
216964
252313
179672
242866
229189
212004
248581
185158
228707
270534
140005
210282
223728
169688
175607
109860
230720
188034
224799
255512
243226
228542
208791
188067
183129
181022
174671
273368
247450
223062
224355
263368
172048
221541
206799
176303
227364
138313
246064
194667
254356
272974
195116
180154
228255
244750
214803
237771
197187
175244
226260
235389
179286
256000
140302
174396
203397
264272
236567
198187
230703
186903
255516
265766
208451
270046
265431
260299
253635
203316
250465
275480
270719
259856
223484
221527
224796
204160
248519
222996
255529
257873
123534
232217
196589
264597
238647
246882
259834
248580
270586
245656
139326
214852
196960
222328
275065
254343
221570
195890
253058
244755
205577
230619
210538
218007
242449
203597
226427
210032
212761
230726
246746
240685
247457
255745
258016
257053
143638
262689
262474
241113
262693
268350
223819
127741
254955
250661
262223
271847
169812
207989
252439
222915
271542
262273
236975
178820
243501
265046
228322
249383
78573
227599
181593
253240
222259
238997
178974
133340
262241
222921
221522
238860
229864
58715
228125
204062
215770
208628
264330
261910
241687
244084
266586
205321
220258
216480
256407
209260
227735
238953
245453
249766
244069
179618
246482
209348
179625
207652
262493
210024
230516
244941
254076
239584
186111
241747
229877
146711
228246
261561
261371
273288
250114
250686
178084
180270
132874
207730
223753
182873
185645
269930
212192
223050
243975
259473
262214
267890
242448
240767
264876
251944
256068
231177
212468
217029
234760
262595
224618
248752
204482
202971
259952
277377
235821
251179
182100
263189
180314
241116
263810
254514
242318
225354
220973
192301
238622
176684
194397
249216
229831
144809
188951
223240
274453
181097
224839
256184
179227
273040
177592
222096
261844
239713
249230
230029
267917
199842
187293
235823
246234
258328
234569
183772
243062
185652
138890
32951
215942
187192
231885
261699
237772
244978
258353
198730
231865
179616
227902
258822
230835
125828
220816
232837
251357
205956
274797
179838
261635
173828
230974
268360
224608
208084
237773
191007
229084
215143
186189
232095
240053
228657
207486
196629
144685
229917
184653
201225
247810
229969
255721
179073
266982
178236
191823
180341
271257
225094
142773
258262
179621
243352
249201
267546
178870
177783
241311
264445
267527
257676
227043
247866
100673
250939
181881
138087
210839
264960
241956
172168
273879
229941
197822
253854
196515
215242
256918
249860
184269
177205
176676
182605
250462
232214
270751
209732
270433
226928
203402
217705
233140
193459
237763
190415
232598
203056
278251
235886
179072
240964
189340
232819
107637
254195
212715
218265
246992
257482
197410
249821
218449
244059
203036
193256
253104
49757
263153
231540
261030
242286
193960
270628
256424
196419
246611
251160
191442
260402
262921
213080
248927
215680
222030
142899
279524
213464
221962
260048
202441
206788
244192
182749
256100
247834
251903
147000
257569
262271
231786
265952
240768
270824
233662
275149
237538
223761
256044
274648
125938
262566
227900
273695
255811
262146
170828
232226
70550
143692
258530
258209
203607
264514
140139
223822
247615
247127
242959
245241
228005
262235
266551
109572
220265
266243
114782
263533
259649
178556
194879
181289
247914
204027
272857
211238
252157
199292
265002
207993
209894
230822
230699
221549
257196
216316
267951
254735
177895
209496
238909
138677
190097
144404
250380
242886
201452
255532
181820
243299
181845
178187
252479
237830
266777
237833
240236
262181
253340
258259
136044
230803
139611
247411
186007
209134
228473
231738
225719
260316
209002
251477
245619
206103
238417
253318
258350
266065
247743
264753
132243
228047
264784
250331
226584
242103
235272
197311
218386
260135
229182
206431
249707
203335
262400
203124
258065
238833
196754
172167
273656
238132
216427
240516
225217
125433
257615
238274
229982
236155
192826
238311
230249
249967
263562
260370
202814
228114
254216
257203
273320
208626
130440
269541
221426
243860
189077
229993
246029
141808
227493
230038
233486
266556
225465
190768
61044
250871
242867
146276
255265
274762
277563
139160
231599
253927
199634
136557
172052
246506
196612
256610
249232
273484
171227
217017
244020
206986
260950
228463
244414
196315
212752
212312
240836
203925
252257
212434
229854
212120
236998
270891
256081
279746
250594
139969
219041
198750
173720
228825
257410
130427
235465
221859
205131
248355
221589
138376
268225
189554
218182
230942
183520
184552
266163
214763
238418
254108
261322
274203
172227
185542
244774
130326
236389
171098
248351
128759
120782
276091
221960
245943
230002
226005
223306
209768
203878
257505
225868
237714
232393
195899
257889
272611
224209
123532
181865
237726
251816
253752
252185
257122
231836
272929
271613
224437
249375
213991
251090
240987
228835
252378
246405
244919
220112
138726
266899
239812
186452
268285
252737
135530
201267
221564
268243
243187
204087
203464
132663
238676
136233
214007
268287
207616
210516
261633
210806
272441
186320
244508
239790
197011
228026
221419
265883
230279
255639
228197
270292
197655
82376
185422
192308
230327
244974
265079
145533
180398
178192
258361
228104
143493
127524
129955
138335
218761
255456
253545
267670
206191
250708
259355
245863
247864
141846
245285
257730
186634
223007
221875
187396
176562
178074
241353
203641
240942
258504
241305
191425
205330
211160
250051
224892
264084
218395
140136
227703
241393
200727
207734
140489
198592
226887
258006
225116
206737
251711
236349
268333
264228
233728
253811
200852
60583
262297
209174
235156
264270
189900
214730
257738
225657
193309
197064
174738
237679
248044
191904
130964
230645
267118
225720
181716
239945
246994
252879
243362
267357
194541
189091
132244
228321
226779
133588
257440
182603
262695
236462
227018
231200
194154
275707
206559
192189
112337
215094
190323
197899
197237
224037
248682
257022
227088
262013
194464
213833
136359
268351
248768
242491
252959
247007
260398
177769
128600
271544
227265
209735
256702
126123
227094
232740
263831
247542
225218
198182
263899
183425
180286
273583
228637
246210
249617
264221
257183
257794
193927
255061
225928
271881
227278
189411
250678
206996
252533
256326
56826
264942
216962
247880
194177
141538
195350
270141
225067
263414
262725
140623
271553
258790
249382
256365
244371
245011
253174
188871
240339
140894
146328
204237
242201
268293
264872
228767
248683
197686
185703
235757
228729
229762
197104
239056
231573
196965
256399
246812
266270
258260
249396
256640
237848
227722
226004
274329
225920
145542
227515
223076
190335
257923
269466
250416
215344
214084
252200
275607
143611
249047
258054
134373
239593
271206
266409
126527
133955
145397
264422
227079
140140
244502
209564
192858
264016
266508
227309
231299
193901
135523
271955
189651
195303
222692
140288
264843
267210
228424
268280
138600
229870
220034
227320
237290
196469
219319
179349
190969
204856
248894
269509
193506
266767
220316
260368
271123
216817
227423
175746
260737
267950
212386
139453
261082
259012
230676
171198
211764
123530
176164
217977
193921
240013
250627
238139
258210
244062
224297
244428
194006
231688
246866
185687
226823
250898
180179
221892
247014
230771
203968
196885
179626
264002
188448
203981
216760
262398
198292
180417
196148
185311
172648
255387
271088
250824
189850
126127
206925
235640
271966
130316
172976
254392
272043
145368
264126
226244
252181
233649
146626
266064
263303
126386
261440
267224
249765
182991
246009
141502
255702
235380
243534
259166
183477
190351
259478
244382
145068
231593
193339
207801
28983
211248
242681
245618
223754
209893
265567
128188
244560
243019
226583
226391
185719
190299
139812
194298
250931
240560
253639
130533
207421
216578
242417
259460
212707
144638
182453
190093
251030
234164
214175
253969
135549
216426
203485
109173
189098
261274
129640
252039
182645
266341
271480
267957
223661
177780
255319
240914
129054
234215
261787
181290
250164
273579
262176
241693
140552
175045
210785
271118
273580
130224
222968
247246
227272
249531
136190
231740
245793
254320
220143
228499
232761
266584
265925
187818
199161
231919
224214
148101
227279
229351
146642
248964
188521
244808
235306
251242
247262
209672
239502
220471
233156
222369
250438
206754
234748
196958
237312
260988
233998
227691
139824
131494
258052
196164
273592
249702
220884
197189
144223
256283
213893
186373
186586
213306
230083
256067
227851
200333
262244
178493
230280
257153
253255
173271
130038
223788
234404
250120
221391
222634
281236
264867
222511
132040
258752
273976
195051
124055
233690
266418
218993
256682
260109
249188
251491
263187
266036
182097
240390
241357
133139
251474
267507
182266
195031
191804
206715
135541
207654
176293
196604
227260
261691
218308
136108
171199
224575
173111
197209
261015
237206
140675
245795
261277
213143
244715
237415
205928
195334
129815
248947
226530
243642
251404
262058
181541
134545
192865
209675
205450
229765
135374
227369
233068
225176
233500
177812
230965
224597
136634
210112
247529
185249
226934
197115
253008
251975
181061
264014
235259
262198
211666
216917
220982
263799
249819
224096
249381
189616
254367
222641
176755
183456
197047
253727
182247
188840
264994
247271
190157
187602
260761
254043
224951
246299
251052
184758
250645
135528
241915
178179
257470
185284
273252
254155
180755
264387
195540
196699
182022
234427
239210
245536
247442
190788
145083
214038
138725
228607
200756
199282
235408
249374
170209
224215
210229
221018
234644
131015
144631
224988
257966
237263
207967
225468
178979
192650
230868
258347
270800
130438
254451
141329
197441
173109
132150
198903
247713
253258
231207
249566
145331
257949
195649
187015
245109
257534
144376
174018
261390
180103
146632
237933
231703
193108
193444
181102
228540
240375
232949
201568
228541
258365
209778
228930
265786
250631
197289
264010
143667
255660
248579
191024
221240
83585
273882
241160
108681
281968
220032
249278
271768
207033
205445
196602
228529
228466
255840
205681
190557
197897
169922
218476
206710
146575
263213
178509
251534
231525
251169
250095
267537
196008
20711
246253
266639
49775
260353
247980
263475
194854
254109
271282
221899
240563
249823
258107
242764
242339
235526
267166
242414
182822
241495
246280
189370
142950
192334
265032
177805
273269
272152
256279
178357
230055
196194
178703
219617
253842
184342
258079
190358
254179
184994
138273
144148
238340
206128
134514
247484
229511
264067
197082
261119
218501
235116
227677
196255
249194
259640
187817
273683
231653
129477
253000
224453
221361
140127
186864
249783
232325
226917
258241
228533
217719
239899
232771
243292
169890
226884
247747
257881
231851
145473
126693
215428
231601
251547
250251
261689
234900
278844
253142
255059
175254
248941
187458
253849
206727
225060
244053
187274
199084
255238
214860
198721
252872
217882
182518
109347
133917
183321
147213
265621
190949
227358
261420
227066
204576
255426
138473
198951
173719
195834
263852
265526
231232
89997
274891
242812
227602
232701
209307
260365
253750
259322
119412
58275
206201
227520
277880
256063
246082
270944
224808
204833
194641
252902
240515
256322
269134
182935
143276
236674
244093
43118
231556
220705
194970
205638
280757
269720
261638
239526
241132
257775
146714
250801
241153
203103
258374
248102
182745
194253
244743
268136
194891
187941
184617
244531
246155
178686
266477
233845
227741
250137
261922
170893
224661
254718
277473
223002
176586
228094
221081
235591
179426
226890
188550
204184
225923
142643
200836
262184
253584
248637
247319
265890
174023
221904
206892
257280
174726
260709
224766
173469
273662
178496
254521
267669
204100
260991
193687
256559
265048
252476
263299
264438
227801
250673
243154
260671
262593
246805
251287
256870
185030
178482
277314
144607
248123
125119
261563
176563
249784
257555
127878
258897
248049
204700
256847
147622
214103
137425
181056
178832
237443
253749
203064
142913
218496
264386
242475
263990
218759
195281
226509
253249
228247
281239
208328
203871
223004
273488
262092
178079
228002
239303
225859
252896
240850
243648
193427
172505
237947
233552
247431
225546
273588
245010
178869
215135
183127
175593
237491
207781
196741
246368
267918
194779
251864
215744
269694
274242
248600
189919
255623
239211
185157
264465
264572
181111
256347
186338
190664
195244
131379
232669
253410
222172
268576
251834
193235
259069
256796
51407
241718
237734
265090
146915
217656
247038
240961
216632
197677
171229
253236
257839
267937
227401
128902
148441
256558
173154
265231
247309
268292
244869
237510
147914
195227
206116
247818
243247
182013
225884
240449
266485
247045
135257
254738
264918
183332
237492
171204
137973
145213
178389
124897
185426
175305
192102
226449
267562
221990
231880
194075
172808
241763
257612
277029
231598
247129
200962
218568
132661
135847
270568
278523
254724
126079
268282
270548
226516
61639
234890
263835
269510
267940
190322
249373
267228
226416
189935
277341
266043
242398
203950
235582
178855
279951
232239
266201
257934
139202
242125
251153
210493
243654
276154
227102
144195
228467
145765
267581
244123
257409
223641
250154
274973
264343
145475
196809
210275
270436
255321
267619
268352
275681
265596
229876
255683
244485
173542
213856
254173
179102
262142
244057
266327
229637
198970
192185
133717
239055
145150
142905
265788
254612
232128
236711
205758
194152
214098
278007
248482
235976
146916
189638
251564
239801
193639
229906
177497
248712
215349
207698
247982
203982
191041
228165
232037
244507
221540
262638
229845
269243
244756
254956
228189
196004
208633
273587
230300
208104
242293
204198
178063
255553
230090
143746
263798
221413
144687
178300
253809
252135
198488
187558
230007
236025
216643
187668
235589
242577
231744
139622
197440
240381
176326
219286
206432
183006
138660
263277
219262
251258
191481
275503
206805
193911
222167
204646
222711
184706
242772
244586
146402
228849
221252
176732
228710
245585
175481
229881
255655
179924
270017
224370
274818
268529
192186
236089
254298
245360
227557
242269
262488
256587
144185
138196
144804
237821
129660
270986
254235
257369
208744
231195
225466
252234
140487
229903
248054
249802
256594
145646
253234
142555
217490
241608
140472
180999
250102
218954
144222
261663
238786
232164
231434
198462
258651
201429
185031
248291
259504
185291
218634
199062
206736
193907
229050
192550
238379
178311
256245
260561
221418
206619
254649
276198
254758
253737
243835
125054
208367
144180
207205
241649
238330
200433
215097
276141
269429
247447
246439
248380
146955
183445
232806
255842
263900
223199
221329
181059
227827
245983
279128
262415
185457
261920
228049
194969
256762
244600
141529
196701
181893
218982
266797
203476
193832
226441
246713
266750
192314
256383
270044
271675
139630
244238
221207
258869
246587
227206
139291
262124
264225
220934
138619
135624
199113
255457
250173
237561
265424
247563
242588
231386
251462
196448
270914
174327
224106
219076
221374
263788
220765
222006
256813
242272
213673
256968
254378
177302
225102
248825
218459
239116
194660
178185
127950
188159
234291
270096
269308
237953
225349
146617
244918
228326
126155
230064
226879
229158
217634
269177
135065
211767
214210
189522
223037
214731
222165
191035
232132
248582
275548
263832
194895
145724
145481
250865
228238
219424
130203
192086
129372
144197
250843
103306
204121
227551
247993
211078
226390
218237
262272
186168
221216
42753
266453
249077
182349
249524
222967
262303
143952
139628
258215
246851
262843
147916
236147
197041
262422
135561
267362
189640
203347
262443
237767
173528
243839
264011
236448
185536
234319
234346
198937
268569
270878
259564
250578
258805
174066
28635
228997
123348
189535
191856
212028
253600
195381
192291
225178
238670
215854
230166
247040
130996
246856
111160
78775
201386
226737
221615
134544
218015
191344
141110
224929
266030
179786
264812
264480
229678
257595
184630
218583
236242
262946
219121
264672
61280
273733
273490
226078
238150
61505
197690
239467
140603
229665
228182
190229
172762
227327
265663
218456
253662
206775
278963
263918
193101
273659
209312
182885
207621
194811
125318
241711
247260
246058
204927
188596
228961
179169
245197
131737
222567
252372
260907
265673
47133
257706
255425
246247
269232
261667
249905
146628
183422
197810
258576
224890
183556
222798
255985
258732
142802
188091
236312
187395
265628
229126
242391
249460
225768
197685
219070
243117
253302
269367
228727
241853
227535
191289
193206
189702
173074
210472
233913
179173
260363
197116
201653
273777
188837
226661
205384
251533
263492
147940
262977
170300
146608
248155
178188
277510
258000
265646
247699
143888
133404
260768
195120
253897
276843
248714
266013
221282
254964
255212
269086
210804
192355
189553
260395
246532
260834
246062
230374
139589
241989
240567
226639
194666
248769
236640
54074
175624
185103
249814
224589
250707
263506
145177
263800
178852
236463
133757
255947
237241
141302
263209
187453
224285
174961
147452
264696
259479
197436
194479
270327
267559
145364
189691
201413
119089
135256
232284
241777
235918
85895
177798
258511
247778
228714
261680
203302
194920
189994
256001
238378
128855
235828
231779
232070
148103
228720
266631
225039
253084
142523
231527
228086
264814
252056
139163
145616
171580
271985
253078
138557
195432
225867
259126
141733
270045
232134
268405
263733
218926
229702
256186
229045
273668
261243
241450
251519
172758
207809
243261
175581
273124
206453
277132
129345
184984
141806
253069
256865
222590
210222
171560
225376
233986
207788
245617
182894
235975
146417
192332
255495
196465
256396
254690
210318
145709
109544
232321
241255
257571
237038
218230
275869
222257
252515
269465
247348
121780
237760
224537
249663
248993
263740
200730
221579
190918
189239
234093
221093
220725
262688
258484
191181
256221
169913
246050
251938
273177
255544
187420
132376
277136
211877
207036
235120
252485
271957
263949
244430
245006
230188
263434
263470
231742
224323
251494
202924
201181
240182
235838
144623
261634
266976
242350
258506
207787
255348
252100
187568
212195
241158
171087
244552
269632
226842
41005
172862
230727
269862
240105
227216
266103
280043
174675
264441
239723
133805
197220
237073
170016
190796
173053
198949
238374
206217
218229
137097
237945
224583
241477
246797
221729
208809
228982
261593
186131
233214
223407
226493
232219
229682
53738
248992
134533
240435
236237
214521
191110
128955
267098
260349
271345
238182
227759
242438
222724
203842
226027
192934
249321
181098
255044
182973
182256
274525
235033
178061
140458
260239
268082
190733
135821
219931
196253
227624
236415
274950
248258
246008
253738
253056
240866
249108
235236
142233
233405
249444
249684
182063
238313
214338
255415
275227
124740
265001
222512
234318
256515
260881
242732
224030
277353
132039
228498
32941
268289
245158
241952
209664
254255
245551
229809
263128
253872
218483
48749
209902
221661
188075
205978
208041
188340
229868
200088
128105
238667
248797
249056
225647
190267
190515
256798
236040
180887
244410
237879
247756
251257
266710
237178
237199
136370
250658
184456
219944
246200
261860
263312
239764
231236
242106
265169
253053
245251
228969
193544
213538
214352
249655
187601
210608
185509
213772
230453
244753
198771
204226
144461
126882
253047
224114
231396
29233
177854
249362
205730
222858
234023
249234
236418
141753
258920
262956
211997
266157
222451
204377
146552
272862
224784
185029
251108
241900
243168
266684
239038
184006
141564
218956
227333
269431
255039
187864
256914
210257
212754
49319
251308
260471
208692
259423
261755
169945
243262
208314
224962
235240
261704
218770
253105
260841
203440
186179
259880
259784
173827
193513
267348
251752
182943
253125
178267
245697
236464
197379
235341
245797
246282
221929
232221
208989
259993
140496
234018
140438
224194
268146
253315
220641
240771
262529
221014
258749
262748
220938
264594
256295
131253
180655
250744
198004
126523
222251
221400
132622
224999
273665
216955
224882
231552
264956
186166
221387
252891
221738
245070
233561
249443
180414
228971
127922
135564
137903
251280
242028
221713
120652
231371
201026
195370
190773
171579
244298
263075
145167
245064
246290
262933
212029
275157
265823
245048
219903
253900
189188
267631
230149
258914
275477
221896
241490
206671
225870
234664
247255
263780
233292
144338
144608
201434
252876
229134
259603
254021
170252
246702
241421
256827
193251
137289
229359
246811
227413
257976
218658
260380
208007
138752
222627
202734
122066
230540
207552
193419
217040
143613
210317
211605
194194
189267
105104
143197
143067
138529
240807
243742
173428
221166
214139
127381
235620
181137
191696
268266
126372
134925
140631
251246
195228
246197
273686
239937
208978
271841
228184
236367
178903
212263
258915
266325
111720
184152
258057
227014
257099
215447
193744
135259
268195
203985
245389
235734
224605
251473
200399
191866
250352
269383
213875
262764
225717
257385
268175
212728
178004
193715
234622
254153
232143
234455
241016